
-1.2985097355417214, 1.7916176326127955, -1.3199682208621784, -1.2652014251929953, 1.1147338609376867, 750
-1.091981326418193, 1.700914754939224, -1.947455720353756, -1.2028966552097233, 1.4124540061039264, 340
-1.8268122834731915, 1.2495078813002736, -1.6717710288765302, -1.2839108454728811, 1.7531369675528086, 470
-1.5328893430697024, 1.7523063010628186, -1.254959905531381, -1.1024237249138475, 1.225440509486642, 1240
-1.2071751191921058, 1.3474901545746856, -1.6202096422325476, -1.5976831347932756, 1.2857646502125077, 310
-1.3107019806554865, 1.2628123340908313, -1.8580918274201301, -1.926518401613369, 1.4167252309014344, 490
-1.7522319724296285, 1.1375089525584032, -1.3683386724409536, -1.8811732667359333, 1.638773403619314, 0
-1.5641643501293312, 1.0375008861158062, -1.2411770601716825, -1.1213107301877885, 1.9860359794025366, 0
-1.770656498273576, 1.216032309175231, -1.1546749322619583, -1.886188532799383, 1.5706183518711727, 10
-1.6133461730796068, 1.2062991506478065, -1.8568275058778245, -1.0693768106665384, 1.755440670403881, 580
-1.0175316391717852, 1.5649222519810522, -1.232522417059891, -1.2420675124498075, 1.7536133344060552, 240
-1.2174123287723142, 1.7165354644891744, -1.7606235599862305, -1.0495884535764404, 1.453754366153522, 130
-1.330636207458526, 1.6601921735802145, -1.042880895487385, -1.0265580740371019, 1.2498617499351585, 880
-1.1464901204256805, 1.886505696808916, -1.9795463255284569, -1.6007654558363695, 1.0811302028820267, 240
-1.7197143566884172, 1.7173200045248067, -1.7514883383278788, -1.5158672463292064, 1.905860776819119, 1260

Best from Generation 0
-1.5328893430697024, 1.7523063010628186, -1.254959905531381, -1.1024237249138475, 1.225440509486642, 1260
-1.7197143566884172, 1.7173200045248067, -1.7514883383278788, -1.5158672463292064, 1.905860776819119, 1260

Generation 1:
-2.8880782658496202, 1.811050999473923, -1.6858610645499128, -2.4947600387086997, 2.4481172206566986, 130
-2.9205952019655133, 2.3900453549759577, -1.7472272613449074, -1.970164555725174, 2.5747144183456165, 2770
-2.8512396696831237, 1.960801596947693, -1.8233827871405948, -1.8652146241428118, 1.8341679196003398, 1770
-1.8533643103063702, 3.263229772294804, -1.773388261322539, -1.6412916007371297, 1.9000696080143096, 310
-3.054335282259409, 3.0791169865753645, -2.9050113765330425, -2.3878731519062084, 2.1357002379556707, 540
-2.4146137283373217, 2.8972382668202195, -2.391331819653448, -2.3094513124076923, 2.5659724138866857, 920
-2.405893728880112, 2.2752423187114084, -2.246542668033559, -1.8797735905979858, 2.615669085905795, 1210
-2.8424129154698026, 3.450396115572044, -1.7510616757238204, -2.430692365736019, 2.3998414212448904, 430
-1.8361070928893177, 2.7853878213667724, -2.484083539487205, -1.5843598354156805, 1.87141986461132, 860
-2.335458034441583, 2.061341349893517, -2.920115170976071, -2.23848691752756, 2.0514077151429926, 540
-2.254640912659255, 2.342634038566045, -2.3543690389149745, -1.7275690549800073, 2.3532591459349774, 2610
-2.186447136607953, 3.249373958117236, -1.6511012107259595, -1.4303262142486697, 1.6293042564974012, 0
-3.1724648638705473, 2.8771332001694088, -1.5135051154819157, -2.4087729844758146, 3.090181265561259, 350
-2.5136952028923174, 2.951942146733434, -2.6245790166939695, -2.0500542953545526, 1.8227395853953428, 2650
-3.1053718877484253, 2.0711876384618946, -2.511976776664066, -2.1598403392119088, 2.2339908139798843, 420

Best from Generation 1
-2.9205952019655133, 2.3900453549759577, -1.7472272613449074, -1.970164555725174, 2.5747144183456165, 420
-2.9205952019655133, 2.3900453549759577, -1.7472272613449074, -1.970164555725174, 2.5747144183456165, 420

Generation 2:
-3.650277152374919, 4.410735969456639, -2.454875774683267, -2.2719159735458216, 4.226929491189838, 2010
-4.341067569736638, 2.9166306694380606, -3.209522207323069, -2.553315334906801, 3.297459496789066, 2200
-3.546490044415866, 3.187754644464597, -3.0661813431827216, -3.5801884368211385, 3.228977767743085, 310
-4.171205757332632, 3.1509774862569504, -2.0979558975451256, -3.2026873330967063, 3.1960723077075026, 120
-5.4878954528434685, 3.9034487083437113, -3.4629551827944005, -3.7264804072991127, 3.8023089521594264, 1270
-4.714020034458638, 3.9405273172664446, -2.818696618520461, -3.7309946691010674, 3.1336132688449196, 20
-5.571817396499308, 2.996048753542607, -2.585532889372365, -3.9390007309992274, 4.801416253029488, 0
-5.70977253179741, 3.9930979312505914, -2.7423296593371873, -2.3677781868523224, 2.830269862535657, 0
-5.435287081832177, 4.039470468206945, -2.883114013441081, -2.8116549434016997, 3.130520803936773, 1080
-4.676254404099968, 3.5746020732069734, -3.474005806398208, -2.409133429543424, 4.2584938708548155, 980
-4.378027896804243, 3.2932031076239894, -1.839856810683156, -2.069185335719238, 4.564065464130155, 900
-4.873136897986521, 2.3977564176089072, -3.0443938361027167, -2.5646529024512628, 3.468872499436966, 610
-5.647720006063074, 4.153720220522939, -3.149571384423827, -3.4400485575652873, 4.125586461730466, 960
-4.142244940439196, 2.4747562914480055, -2.06578672081991, -2.395204081892828, 4.229673316070685, 900
-3.6163156274358106, 4.428055986676794, -1.906155150764026, -2.4766043829517397, 4.801482019680996, 1100

Best from Generation 2
-4.341067569736638, 2.9166306694380606, -3.209522207323069, -2.553315334906801, 3.297459496789066, 1100
-4.341067569736638, 2.9166306694380606, -3.209522207323069, -2.553315334906801, 3.297459496789066, 1100

Generation 3:
-4.565534104238462, 5.299040919649331, -4.108184568967654, -4.005915930322866, 3.859967788251928, 970
-6.260577196006785, 4.6230341130986705, -4.221012621923617, -4.614035385379476, 3.6544344524055776, 1960
-6.507330715000214, 4.625767686395965, -5.045755442759872, -4.211787111189892, 3.441323312036625, 1140
-4.880952875849099, 3.842066094074763, -5.4579425058601165, -4.102298604554006, 4.536857962303156, 590
-5.697110939045571, 4.77012342261273, -3.742765992828109, -2.7606901997379283, 6.481896566716268, 2250
-6.036113397552722, 5.338336178306408, -3.964823683224294, -3.404539125067425, 4.972092829259826, 980
-5.460091444266576, 3.012647442920206, -4.278353829081514, -4.1108150927397595, 3.6758163489784565, 390
-6.4245293993314485, 3.727798211385799, -3.422643532191565, -4.7159281186231565, 5.0706724865527235, 1800
-6.096218050522134, 3.1049367323297212, -5.529063491207342, -3.350244591464687, 4.4764521406858035, 540
-7.3058633885060775, 2.9491645710382715, -5.1127022975935335, -4.4277614714364075, 3.7112341507450046, 0
-7.121226174006845, 4.550125019460163, -4.93036207270196, -3.4631873300932265, 5.67866546851343, 3950
-6.342346371257196, 5.3430972036558115, -5.317482767782863, -3.5264964835976897, 3.76141481063527, 3960
-5.833490196318218, 3.2608692981015697, -4.931556526676377, -3.7509058024508706, 5.117777216244429, 730
-6.846627355115437, 5.802599194095056, -4.207690663553601, -4.3776322248006885, 5.07215900327848, 1360
-8.51586887483806, 3.8584061407185617, -4.221183832985525, -2.6953062399636027, 6.269506398719677, 3990

Best from Generation 3
-6.342346371257196, 5.3430972036558115, -5.317482767782863, -3.5264964835976897, 3.76141481063527, 3990
-8.51586887483806, 3.8584061407185617, -4.221183832985525, -2.6953062399636027, 6.269506398719677, 3990

Generation 4:
-11.468065851204848, 7.294989912712103, -6.267913068035929, -4.359413871764188, 9.810447091153568, 3960
-9.551288897497692, 6.2155753569143934, -5.3475207977663475, -3.942552597910308, 7.609133915038992, 3860
-13.079011562583743, 6.053194682511109, -5.336430899547871, -5.998124627863444, 7.517637028005611, 3980
-13.371681217478255, 5.060516840368353, -8.527226207407372, -3.589647202987667, 6.252141493850931, 3970
-10.119364784117074, 6.408279332992673, -6.467996877570159, -5.648478489655097, 7.991999303209507, 2650
-8.647497972347473, 7.709249774583979, -6.871782271662978, -4.800644940279771, 7.150825028888387, 1200
-12.157511995253273, 6.191230822741411, -5.482579710226242, -4.143890178643186, 7.462025754521256, 0
-11.36079692881392, 7.794762625431699, -5.235237338232638, -5.171373146492495, 8.147259900956897, 1910
-13.942986404550236, 5.394528807974405, -5.264360517732667, -4.5391586883649975, 7.035135198054395, 3990
-12.39306635142149, 4.674972949923171, -7.179482550054821, -3.960749342873242, 7.17204149161608, 3990
-12.79140641997873, 7.618152365057231, -6.013736624523935, -4.3942108286655435, 6.500351133595769, 3980
-7.566680425726833, 8.308982018180892, -9.522627957814413, -3.371714285621712, 9.980989530585084, 3960
-10.303438290310284, 5.785875503900962, -9.2521115478856, -4.682912596418105, 9.190719954239508, 3950
-9.452356894007359, 6.479191952550386, -5.063267655647473, -5.201044133016522, 8.954521169296351, 580
-9.980291113072033, 6.9502529908592185, -5.889740898070399, -3.480752071769449, 6.754049409464191, 3940

Best from Generation 4
-12.39306635142149, 4.674972949923171, -7.179482550054821, -3.960749342873242, 7.17204149161608, 3940
-13.942986404550236, 5.394528807974405, -5.264360517732667, -4.5391586883649975, 7.035135198054395, 3940

Generation 5:
-13.50841108076013, 9.125332963462148, -10.365329383863985, -8.036831988808302, 10.197810965130286, 1070
-13.665038125763113, 8.013911811841044, -8.949419772208074, -6.938500253504368, 9.661080924393087, 2460
-20.739442314877113, 8.062881854863985, -12.393680830003154, -4.85513997963579, 10.965887222295182, 3990
-17.10462019744272, 8.109101941999892, -9.753793990833751, -5.621326346313703, 11.032908129502502, 3940
-13.266327756987746, 9.916773352743737, -6.682841896262748, -6.783006487435557, 13.803456727186743, 2620
-25.9062123503902, 7.669216359275888, -8.388313414075474, -5.971658142344587, 8.411172292949438, 0
-19.286172070348762, 7.185654715390929, -9.553149474677584, -6.511819337068428, 7.517898691850956, 0
-21.033190306738206, 6.43568206667256, -8.239163385216555, -6.90322302522148, 8.424641043412388, 3960
-18.238597100643172, 6.239880315838179, -8.270119680355231, -5.919432048781263, 12.984110898292936, 3980
-25.99959065320933, 7.78712982850164, -9.663584090008106, -6.031439732538423, 14.089420633215706, 3980
-14.758020288466806, 6.626378533828563, -12.147768854806205, -8.417428911630699, 12.165299131624492, 2380
-15.864229465122811, 8.625502544404092, -11.107248722009038, -7.871267652043311, 9.343811142630965, 3940
-22.898310630738695, 9.186605159642605, -6.957659485449631, -4.2913454199403915, 11.847157539297108, 3980
-21.468636620855108, 6.754647068535164, -9.266515592807846, -8.002631132315411, 11.584099240774494, 3910
-21.101801858478886, 9.441734238682168, -8.417677105574937, -8.176289739381769, 8.621933462742822, 850

Best from Generation 5
-18.238597100643172, 6.239880315838179, -8.270119680355231, -5.919432048781263, 12.984110898292936, 850
-20.739442314877113, 8.062881854863985, -12.393680830003154, -4.85513997963579, 10.965887222295182, 850

Generation 6:
-33.99186858268241, 13.409598991391343, -11.131064715157198, -8.906938213721563, 15.715059012297296, 3940
-34.57865611071937, 10.082291948282942, -12.518757684147609, -7.5541100971158155, 20.593787216006337, 3980
-33.1333821454712, 9.856691001073186, -12.544516253122659, -6.122713143103816, 21.41067153703678, 3990
-25.62939245360786, 8.408221171451393, -11.014637226037165, -9.104634042362088, 15.847231512280581, 3940
-29.764243743158072, 11.517023221723582, -18.897711115100375, -8.192609537189007, 13.762048114344887, 3970
-25.9904545637243, 9.74373008325855, -14.47450287512709, -6.779076163967548, 13.830666806009352, 390
-35.17505546722305, 7.802240860573377, -20.53878085360286, -9.552466509092234, 21.52768612032474, 3850
-20.02630058872541, 13.245988781392066, -15.432323221713775, -7.844816704730028, 18.42921426621495, 3920
-22.815045111436685, 10.922437338252065, -18.02237367765678, -7.803708595422786, 20.31378768292119, 3840
-21.901828535674532, 10.671987416208694, -16.337240621144147, -9.230747174906115, 20.359933251158616, 1630
-31.16139219309982, 14.154851400797591, -13.614020552473868, -7.184302707278165, 19.479371187602943, 3960
-34.01623524265641, 11.575182018459733, -17.283784546832454, -8.137249070464664, 14.519455557170945, 1070
-35.118048910085626, 11.096685829108242, -18.693532887756746, -9.265138755456647, 15.53916204375701, 3940
-26.300805936974683, 12.056483958219026, -17.802317925038132, -9.839747762769251, 18.811094045012602, 600
-33.73301942170367, 13.50069254936417, -18.286734229783494, -6.6255008321747555, 22.398967646271288, 3970

Best from Generation 6
-34.57865611071937, 10.082291948282942, -12.518757684147609, -7.5541100971158155, 20.593787216006337, 3970
-33.1333821454712, 9.856691001073186, -12.544516253122659, -6.122713143103816, 21.41067153703678, 3970

Generation 7:
-57.8500210360254, 15.654162362482012, -24.65308929267041, -11.448645313002276, 30.39655030614616, 3980
-44.83285840900378, 10.716599492408768, -15.598760861451117, -13.17225286393997, 41.45581519093524, 1710
-55.46222467839264, 14.834012100702775, -19.542324640338066, -11.615355873531453, 31.09977901435531, 3950
-36.80141592665015, 11.459810364510686, -19.55721254830934, -10.890014715684613, 28.87549869421353, 3180
-42.17218171680174, 15.920757673253316, -23.006823823691892, -13.464736447206603, 21.519323560625686, 3930
-41.71922000564554, 15.002633596607756, -22.807901258466597, -11.728418349768711, 21.39581956234805, 3960
-41.32622477219922, 19.881624730560407, -16.803750237812935, -10.298627196816541, 40.198432572028345, 3940
-57.86878945406222, 13.798095878681073, -17.493308558423006, -13.084621419639015, 37.972657789665874, 3970
-40.426242293290635, 19.07441486629351, -16.99303900538914, -11.861449445482679, 41.615364461031994, 3960
-45.43454677158828, 11.590718280252798, -14.34650152039567, -9.398324587234505, 33.302522643020396, 3980
-50.665107462776994, 10.595839250781232, -14.027118723391473, -10.873240914795415, 34.41162630698667, 3970
-52.61874531109557, 10.037442195831984, -16.50219576914125, -12.312511878518224, 26.65633886984559, 3990
-48.57430073767855, 10.62247986757428, -13.33887956498125, -12.956873344555103, 35.0433527846985, 3960
-44.3839525519892, 16.578118014026845, -14.60415439106518, -13.097817550799624, 31.01140250886361, 380
-43.728429560002574, 16.02863197467125, -19.344390627072773, -6.943283699777455, 33.209533474704145, 3950

Best from Generation 7
-57.8500210360254, 15.654162362482012, -24.65308929267041, -11.448645313002276, 30.39655030614616, 3950
-52.61874531109557, 10.037442195831984, -16.50219576914125, -12.312511878518224, 26.65633886984559, 3950

Generation 8:
-84.1526655980719, 20.791548166787518, -23.199753606185844, -14.106263520585033, 40.14785577124741, 3980
-106.16566862609027, 15.589050556228448, -28.64293341846172, -22.036066056352283, 30.064796812637134, 3980
-102.37831679757895, 13.616942900239502, -36.17143398868655, -15.09459574251374, 35.80776010904028, 630
-99.3304587590691, 21.19428202146433, -37.902344727442845, -22.27668215760273, 36.91159818905437, 3980
-64.61335796652932, 22.904397211699198, -33.393987253127115, -19.13885502564641, 45.32846149268153, 3970
-87.2450079413914, 20.947415133221316, -28.61590139006202, -16.527633639333352, 50.55648289747778, 3980
-90.95406846316249, 13.527471346796762, -34.383747609732886, -20.745925774208438, 38.351507271082475, 3980
-62.87052709929067, 12.857870711385692, -40.1914010918253, -18.87399726900857, 54.10259500149407, 840
-95.62215670761178, 24.68875405529944, -40.58226508327095, -20.97202347495999, 54.87101216256897, 3940
-86.71740581538882, 21.270736221095728, -24.899021465178635, -16.873369451388914, 39.83660475848527, 3980
-76.90259402056388, 22.318248488849306, -26.452201581603866, -18.91381635039726, 41.124576597276366, 3980
-73.69634242685096, 17.61730458152588, -28.462814867407648, -12.613448802624813, 40.84951067849373, 3980
-101.74128405008416, 13.526534707659456, -39.24418494892516, -15.116701704352838, 52.81060093680315, 3960
-106.48584459750633, 16.52217006317338, -34.978974402448614, -20.216903668411398, 38.46988180538742, 3970
-85.5046079644292, 14.916466608530335, -23.497996212616563, -12.978914904940432, 38.91433873199272, 3970

Best from Generation 8
-84.1526655980719, 20.791548166787518, -23.199753606185844, -14.106263520585033, 40.14785577124741, 3970
-106.16566862609027, 15.589050556228448, -28.64293341846172, -22.036066056352283, 30.064796812637134, 3970

Generation 9:
-169.77159891868155, 20.636489557169412, -28.191013950454554, -31.79353167819033, 58.2622322983293, 1730
-99.93959651838684, 22.5158559225498, -48.471839216108485, -30.003073215297643, 68.26818944608277, 3990
-95.72603063295975, 35.79275359916784, -41.38782280882862, -25.87091673502284, 39.29063746329316, 3960
-187.2835690188507, 30.737919479713362, -39.52969326010555, -26.437726913324816, 57.57354757993509, 3970
-168.13748591538146, 29.53693455699513, -28.4240797442113, -31.80954418339935, 37.20368329416804, 3560
-174.9459999981043, 26.634881744417715, -37.992822901583786, -30.370336711161798, 38.10480332701658, 370
-171.05897360960307, 35.17461222529454, -31.289935065926937, -25.574504447397853, 50.86551240711904, 0
-175.4735627186614, 34.26927719459784, -37.98676149026581, -26.056195518820005, 68.32006227077851, 3990
-117.58987558134412, 30.398526995863637, -37.659618842611536, -27.2420231075295, 63.52233271629251, 3990
-124.63089658040724, 29.337018998525796, -26.900999160478023, -27.681097610761714, 53.29557973150996, 3950
-142.80750493229073, 30.880986447893857, -34.77973461845299, -22.04106192168757, 56.073454709262705, 3950
-182.91316519527948, 29.13356600994851, -29.889279039149624, -34.61645613356662, 66.36801423262877, 3980
-126.42799158023426, 35.123342815877926, -49.00230569721903, -22.84078456344578, 37.90703275350334, 3940
-99.406302776708, 20.190373973097223, -49.02160128326436, -35.478256701890786, 46.588627656388624, 3990
-127.79090022560642, 29.060412395317247, -39.35796999698237, -32.702715857430384, 54.7843665394855, 3980

Best from Generation 9
-99.93959651838684, 22.5158559225498, -48.471839216108485, -30.003073215297643, 68.26818944608277, 3980
-99.93959651838684, 22.5158559225498, -48.471839216108485, -30.003073215297643, 68.26818944608277, 3980

Generation 10:
-106.09790241562703, 36.670002480757454, -69.73644209931545, -34.39541085792958, 78.19756451671587, 3990
-137.72358329746766, 26.25394275299885, -59.86841223599016, -30.660179628044382, 96.56315579255791, 3990
-127.75069737802352, 26.18669817161047, -79.42823756188079, -35.72032175980212, 76.78133872851467, 3990
-188.33138612264702, 44.880753134582015, -83.97051557149514, -43.67344696131711, 92.8510296044438, 3950
-126.19772346800004, 40.07550724150145, -94.30362725298752, -53.70312166542548, 79.11435528392576, 3960
-130.90694848801743, 42.949909097631405, -81.24902128278269, -57.97716257262368, 92.63724483868859, 2830
-172.01328697027475, 30.512979673378027, -51.560162816136774, -41.231574010379035, 80.88527505533062, 3910
-183.88645803571927, 39.23500746335624, -87.96837983955108, -51.41658516593346, 110.44982821627428, 30
-111.4283305879565, 34.6772452382899, -93.52331956459051, -57.79978986316001, 87.93931955514232, 3160
-171.14732149003092, 26.972467635280513, -85.50720551387796, -33.6772723868455, 120.71919487061427, 3970
-175.1204796982912, 37.12172779618707, -62.28959197438682, -57.644785519266414, 74.33961768921888, 3960
-120.30004191395363, 43.954235770087415, -81.53024412386274, -35.686845750628905, 89.83706826587287, 3920
-135.54391267950894, 25.71597157524695, -72.09399388570066, -47.84461308361452, 124.93491183770767, 3990
-115.80943489053197, 37.20783745996956, -61.62436533351824, -41.78544130837763, 78.22286646821225, 3980
-161.36450285138645, 33.06863191516449, -84.83496316319982, -54.210128587071196, 95.25701536359766, 2990

Best from Generation 10
-106.09790241562703, 36.670002480757454, -69.73644209931545, -34.39541085792958, 78.19756451671587, 2990
-137.72358329746766, 26.25394275299885, -59.86841223599016, -30.660179628044382, 96.56315579255791, 2990

Generation 11:
-187.62534736041246, 53.84678422448514, -129.20740584051129, -34.433118086240526, 142.0211960085871, 3940
-232.6082291610449, 47.60788000577417, -95.96764487308575, -48.78029939718712, 146.25096223564285, 3980
-142.75306820739883, 60.64429721162526, -128.8313335872657, -39.68430131073314, 162.88403285560366, 720
-151.0907478019662, 48.34441367569173, -85.38449229711497, -33.03330521417771, 162.5782326795432, 790
-146.13832224115217, 52.246324996760514, -70.05847179767854, -38.8913325033028, 111.35495181882564, 3970
-187.66892807625268, 40.62959900148333, -68.3918627754682, -60.17303679714988, 143.77491059086915, 3990
-232.0842061142347, 51.668696096610205, -107.02622658994738, -47.99043582805538, 141.81068374421866, 1150
-234.95336494133784, 56.64331437321755, -101.86131997147744, -56.55019981893503, 158.1106632693396, 3940
-177.90481836368767, 41.00901562740616, -97.11896479371201, -64.90326737094686, 137.8409178308642, 3640
-187.78491894217134, 44.927056904840136, -88.23824795529252, -46.67376902377975, 153.7180197936188, 3990
-236.49662716239118, 47.25823593485835, -101.1993333256147, -40.49494643353409, 95.96332254308938, 1860
-228.69404089027606, 42.56871375428877, -129.5811538672373, -32.76905824735489, 125.83383394784751, 3670
-226.86639228307456, 62.07688411492377, -111.61967768863254, -62.41611167941466, 171.79711559339287, 2690
-207.60533419399488, 57.755111029003395, -126.13643044270836, -43.56902594948974, 174.71208240938248, 1920
-213.71372933211092, 45.396661060039406, -70.6840161222952, -46.750516859226316, 87.96105029788379, 3990

Best from Generation 11
-187.78491894217134, 44.927056904840136, -88.23824795529252, -46.67376902377975, 153.7180197936188, 3990
-187.66892807625268, 40.62959900148333, -68.3918627754682, -60.17303679714988, 143.77491059086915, 3990

Generation 12:
-321.25027704283156, 44.81095844111216, -147.14419460073046, -77.92574802771131, 246.48720756858614, 3960
-282.2891154226523, 62.69893986003032, -115.05935224295253, -56.385169109536356, 165.51018772050514, 3980
-266.961661796759, 70.31499889561054, -80.83217448347159, -100.0206666333412, 167.46175945933467, 870
-331.7353405609838, 70.6115488332284, -127.13159373769443, -82.29678558044552, 226.70530910174466, 3970
-240.91024401406048, 65.69349602698851, -138.05189074250708, -57.79453765612245, 254.2277053097788, 3960
-299.4209440281801, 79.31182801089562, -87.84750655600132, -67.45649767219953, 228.59476185792658, 3970
-347.0691161320232, 71.3431346686623, -89.23923457624232, -63.44120292954495, 265.52212057672386, 3980
-343.3521123947027, 80.61543690389784, -109.61362080249738, -54.389331931315226, 199.798518070361, 2700
-197.50240858888637, 62.305389266980335, -85.73628004729876, -82.62621061704803, 262.38603344811884, 3900
-337.5154444271796, 73.8604611986403, -134.843010981528, -57.82044245293042, 189.23676746124343, 2850
-306.3530890723221, 77.71201887348087, -107.45938749648755, -78.03613560563672, 151.37275449097115, 3960
-369.72760001298, 70.02056228874743, -78.8057199407746, -76.68108670331071, 208.28509491348933, 3970
-267.97078171437823, 63.64866506273495, -137.23582197801784, -77.00125221738891, 195.5680026912955, 3970
-309.39881549450973, 82.188030924565, -139.55855065907406, -94.34844380158054, 285.0022287774681, 1030
-275.93128973192773, 68.18597877600065, -113.60910838502159, -106.59387025706845, 196.72293896586984, 1570

Best from Generation 12
-282.2891154226523, 62.69893986003032, -115.05935224295253, -56.385169109536356, 165.51018772050514, 1570
-282.2891154226523, 62.69893986003032, -115.05935224295253, -56.385169109536356, 165.51018772050514, 1570

Generation 13:
-557.8811921230683, 123.80081802274981, -184.85251026557168, -68.88712633813013, 293.39898548722743, 2100
-555.5330593256592, 63.16963068432161, -153.63626288357239, -57.50467743260286, 215.18668121673804, 1040
-504.6457438578921, 97.03484345128119, -123.50875378543446, -109.94070502791004, 236.594711846431, 0
-510.842993555042, 92.57361620660203, -196.92267804439805, -105.75237943507089, 268.5780852405351, 3990
-410.4123505297034, 77.64706914356796, -190.33212407806948, -60.02681982309404, 195.95089358254785, 3950
-432.47993986844256, 100.95815952048268, -215.55291453474698, -99.33402089269273, 211.6658523268707, 3960
-390.32144161936236, 63.875015892827484, -214.3965273540745, -109.05927833815953, 315.001430306049, 3990
-315.6210295938099, 99.05737950914616, -154.61175540411256, -106.24139701994471, 252.68585536645386, 3990
-307.6058888654971, 101.48400538201749, -187.25741455998414, -104.60715011472236, 235.6304067603698, 3990
-346.4905415566354, 109.87778217005368, -155.44543476994727, -86.11050020092573, 284.21128159903503, 3940
-371.7236253997831, 112.34670061598305, -205.6198578510703, -109.42248816866054, 217.6291835851068, 3960
-520.0063846779971, 118.03439441530936, -177.60715482542665, -75.06625387550977, 197.88149373589533, 930
-405.9878776555872, 106.32762774809319, -188.38893297590022, -90.06975662304689, 263.94167326133663, 3970
-357.57644793919843, 111.25145103997761, -230.10585102605395, -64.08451313919045, 230.78912522796728, 3990
-340.1445188577068, 113.83339419170977, -153.6955855983018, -96.19583358112826, 182.52779541250004, 3970

Best from Generation 13
-390.32144161936236, 63.875015892827484, -214.3965273540745, -109.05927833815953, 315.001430306049, 3970
-510.842993555042, 92.57361620660203, -196.92267804439805, -105.75237943507089, 268.5780852405351, 3970

Generation 14:
-591.5313948904326, 107.68968778341797, -254.62561254259717, -111.12954622500084, 478.15723225053006, 3960
-648.3335373867811, 79.15012911201093, -268.2761713421087, -208.96592514685082, 416.4677634787978, 3950
-614.8066176518125, 114.86036193066366, -318.45340902494, -162.07915751451083, 353.72606481310044, 3970
-602.8449596778693, 88.18348074547386, -397.1029062358668, -159.3863213427496, 472.9402128053032, 3960
-822.8604653297974, 148.9957869963457, -301.6970408734255, -171.99798789030922, 499.80755492900875, 3940
-454.09769784472655, 117.17367951165379, -287.39002632960256, -207.83085917998497, 566.843810160375, 3390
-737.6187350165103, 139.01989587967185, -206.93312514418523, -176.60483262834404, 343.9682471776182, 3960
-862.4622587777963, 144.41073095477532, -392.273347642053, -213.96394775570587, 491.057977709611, 3980
-760.6051009200874, 129.68220777024402, -387.0873835167352, -114.39173847080465, 308.90763636544244, 750
-480.3961028882254, 134.14600467247678, -274.42962304737335, -163.487071305422, 472.34263950718866, 3950
-843.6281375004556, 87.80731783243313, -230.56878345369523, -117.07283838455797, 413.6289215348288, 230
-538.6592682862544, 93.93026402447259, -350.0316253851429, -195.29792401799878, 509.34022896578887, 2150
-716.155581168435, 148.95261664566198, -318.073088731524, -214.10512425012442, 546.3150213331189, 490
-657.2358943494796, 140.452032873045, -397.02289314557714, -190.77389376689038, 497.34075789267615, 640
-471.4924828569188, 97.83357845292319, -383.3075324510591, -162.8506255379669, 511.98082282571386, 3940

Best from Generation 14
-614.8066176518125, 114.86036193066366, -318.45340902494, -162.07915751451083, 353.72606481310044, 3940
-862.4622587777963, 144.41073095477532, -392.273347642053, -213.96394775570587, 491.057977709611, 3940

Generation 15:
-988.3880671657888, 193.43712124127615, -446.8050171580154, -197.31769270548463, 428.91605191939146, 3970
-1406.8836400358991, 247.165450371732, -554.5093841827875, -253.81961070522706, 630.1164705762835, 3960
-861.8876434062305, 172.8336732006924, -694.6760490492017, -299.04326952244946, 834.3366303629252, 3990
-843.3507845844845, 168.27595472205246, -373.56749621497, -338.1757870938739, 503.38908188855953, 1190
-1302.3984531380688, 223.2806999992261, -477.92976612535506, -212.2923686694397, 665.9942356286357, 3980
-1272.4497217166077, 197.48263005814752, -399.6441931981153, -254.93024905886276, 567.1432342107494, 1790
-1417.266012329927, 173.13218867782368, -706.0684196166718, -274.69150947188695, 728.7138936961618, 3970
-1203.2310928190282, 208.38778032474795, -466.7935354177764, -350.4726850170236, 619.7588961847372, 730
-1054.3610009986908, 246.38291345808702, -418.15619166712133, -272.54356537375037, 805.2924719833137, 3960
-842.6752973300619, 158.28036130578076, -670.0322842123264, -313.2039723729987, 719.8002094004482, 750
-1301.419528043336, 238.48355151562924, -519.6637966020049, -372.32123410791905, 749.5725322852703, 3960
-938.06727707896, 172.0776498612918, -380.18465535799174, -277.9325423886801, 694.4599622601246, 3980
-1215.037775100328, 253.89404034037986, -364.8489997447595, -371.7605235880788, 662.7788310337246, 1200
-1446.2305768623148, 156.34649076371406, -407.0890843298592, -237.44406375166875, 768.8699782015456, 0
-1148.7464538966187, 158.55031947759866, -695.2061233948832, -235.69582344887348, 671.1927302372032, 1450

Best from Generation 15
-1302.3984531380688, 223.2806999992261, -477.92976612535506, -212.2923686694397, 665.9942356286357, 1450
-861.8876434062305, 172.8336732006924, -694.6760490492017, -299.04326952244946, 834.3366303629252, 1450

Generation 16: